# keyboard-notes
Notes & resources for building custom keyboards
*all measurements in milimeter (mm)*

![example](./assets/cutout.png)
## Keycap widths
| UNIT |**1.00**|**1.25**|**1.50**|**1.75**|**2.00*|**2.25**|**2.75**|**3.00**|**6.00**|**6.25**|
|:-----|:----:|:----:|:----:|:----:|:----:|:----:|:----:|:----:|:----:|:----:|
| Size (mm) | 18.00 | 22.80 | 27.50 | 32.30 | 37.10 | 41.80 | .... | 113.55 | 118.30 |


| UNIT |**1.00**|**1.25**|**1.50**|**1.75**|**2.00*|**2.25**|**2.75**|**3.00**|**6.00**|**6.25**|
|:-----|:----:|:----:|:----:|:----:|:----:|:----:|:----:|:----:|:----:|:----:|
| | | | | | | |


![example](./assets/cutout.png)
## Stem-to-Stem
| **UNIT** | **1.00** | **1.25** | **1.50** | **1.75** | **2.00** | 
|:-----|:----:|:----:|:----:|:----:|:----:|
|**1.00** | 19.00 | 21.50 | 23.75 | 26.25 | 28.50 |   
| 1.25 | 21.50 | 23.875 | 26.10 | 28.50 | 30.875|
| 1.50 | 23.75 | 26.10 | 28.625 | 31.125 | 33.375 |
| 1.75 | 26.25 | 28.50 | 31.00 | 33.375 |
| 2.00 | 28.50 | 30.875 | 33.375 | 35.750 | 38.00 |
| 2.25 | 30.875 | 33.250 | 35.750 | 38.125 | 40.50 |
| 2.75 | | | | | |  
| 3.00 | | | | | | 
| 6.00 | | | | | |
| 6.25 | 69.00 | 71.625 | 73.875 |

![example](./assets/cutout.png)
## Stabilizer Spacing
| **UNIT** | **1.00** | **1.25** | **1.50** | **1.75** | **2.00** | **2.25** | **2.75** |
|:-----|:----:|:----:|:----:|:----:|:----:|:----:|:----:|

## Plate Cutout Spacing (mm)
*edge to edge*
![example](./assets/cutout.png)

| **UNIT** | **1.00** | **1.25** | **1.50** | **1.75** | **2.00** | **2.25** | **2.75** |
|:-----|:----:|:----:|:----:|:----:|:----:|:----:|:----:|
| **1.00** | 4.90 | 7.30 | 9.65 | 12.05 | 14.45 | 16.8 | 21.60 |
| 1.25 | 7.30 | 9.70 | 12.05 | 14.45 | 16.85 | 19.20 | 24.00 |
| 1.50 | 9.65 | 12.05 | 14.40 | 16.80 | 19.20 | 21.55 | 26.35 | 
| 1.75 | 12.05 | 14.45 | 16.80 | 19.20 | 21.60 | 23.95 | 28.75 | 
| 2.00 | 14.45 | 16.85 | 19.20 | 21.60 | 24.00 | 26.35 | 31.15 |
| 2.25 | 16.80 | 19.20 | 21.55 | 23.95 | 26.35 | 28.70 | 33.50 |
| 2.75 | 21.60 | 24.00 | 26.35 | 28.75 | 31.15 | 33.50 | 38.30 |
| 3.00 | 24.40 | 26.80 | 29.15 | 31.55 | 33.95 | 33.95 | 41.10 |
| 6.00 | 47.625 | 55.075 | 57.425 | 59.825 | 62.225 | 64.575 | 69.375 |
| 6.25 | 55.05 | 57.45 | 59.80 | 62.20 | 64.60 | 66.95 | 71.75 |
